01|1|0000706|ALFREDO VICENTE DA SILVA|M|01234567899|01/01/2001||||||||||||||
02|2|2200|02/05/2022
03|3|008 
03|4|021 
03|5|022 
03|6|031 
03|7|034 
03|8|035 
03|9|039 m 
01|1|0000706|ANA DARC DO NASCIMENTO|F|01234567899|01/01/2001||||||||||||||
02|2|2200|02/05/2022
03|3|008 
03|4|021 
03|5|022 
03|6|031 
03|7|034 
03|8|035 
03|9|039 m 
03|9|099 G 
03|9|099 CREAT 
03|9|099 HGB 
03|9|099 PROTF 
03|9|099 FOALC 
03|9|099 FERRI 
03|9|099 PTH 
03|9|099 IST 
03|9|099 HBS 
03|9|099 HCV 
03|9|099 VITD 
03|9|099 HBSAG 
03|9|099 HIV 
03|9|099 AL 
03|9|099 TSH 
03|9|099 T4L 
03|9|099 COLF 
01|1|0000706|CRESO AUGUSTO LOPES|M|01234567899|01/01/2001||||||||||||||
02|2|2200|02/05/2022
03|3|008 
03|4|021 
03|5|022 
03|6|031 
03|7|034 
03|8|035 
03|9|039 
03|9|099 a4 
03|9|099 PTH 
01|1|0000706|DIOVANA BATISTA PINTO|F|01234567899|01/01/2001||||||||||||||
02|2|2200|02/05/2022
03|3|008 
03|4|021 
03|5|022 
03|6|031 
03|7|034 
03|8|035 
03|9|039 
03|9|099 
03|9|099 
03|9|099 
03|9|099 
03|9|099 
03|9|099 
03|9|099 
03|9|099 
03|9|099 adm 
03|9|099 G 
03|9|099 CREAT 
01|1|0000706|FÁBIO JOSÉ DA SILVA|M|01234567899|01/01/2001||||||||||||||
02|2|2200|02/05/2022
03|3|008 
03|4|021 
03|5|022 
03|6|031 
03|7|034 
03|8|035 
03|9|039 m 
03|9|099 G 
03|9|099 CREAT 
01|1|0000706|FRANCISCO DE SALES BARBOSA|M|01234567899|01/01/2001||||||||||||||
02|2|2200|02/05/2022
03|3|008 
03|4|021 
03|5|022 
03|6|031 
03|7|034 
03|8|035 
03|9|039 
03|9|099 
03|9|099 
03|9|099 
03|9|099 s 
01|1|0000706|GERALDA MARIA CHAVES|F|01234567899|01/01/2001||||||||||||||
02|2|2200|02/05/2022
03|3|008 
03|4|021 
03|5|022 
03|6|031 
03|7|034 
03|8|035 
03|9|039 m 
03|9|099 G 
03|9|099 CREAT 
01|1|0000706|IDA FARJADO COELHO|F|01234567899|01/01/2001||||||||||||||
02|2|2200|02/05/2022
03|3|008 
03|4|021 
03|5|022 
03|6|031 
03|7|034 
03|8|035 
03|9|039 m 
01|1|0000706|ILMA DAS NEVES DE OLIVEIRA|F|01234567899|01/01/2001||||||||||||||
02|2|2200|02/05/2022
03|3|008 
03|4|021 
03|5|022 
03|6|031 
03|7|034 
03|8|035 
03|9|039 m 
01|1|0000706|IRES SALVADOR DA SILVA|F|01234567899|01/01/2001||||||||||||||
02|2|2200|02/05/2022
03|3|008 
03|4|021 
03|5|022 
03|6|031 
03|7|034 
03|8|035 
03|9|039 m 
03|9|099 G 
01|1|0000706|JOAO PEDRO DA ROCHA COELHO|M|01234567899|01/01/2001||||||||||||||
02|2|2200|02/05/2022
03|3|008 
03|4|021 
03|5|022 
03|6|031 
03|7|034 
03|8|035 
03|9|039 m 
01|1|0000706|JOAO PEDRO MENDES LADEIRA |M|01234567899|01/01/2001||||||||||||||
02|2|2200|02/05/2022
03|3|008 
03|4|021 
03|5|022 
03|6|031 
03|7|034 
03|8|035 
03|9|039 m 
01|1|0000706|JOSE ELOI BENEDITO DE ARAÚJO|M|01234567899|01/01/2001||||||||||||||
02|2|2200|02/05/2022
03|3|008 
03|4|021 
03|5|022 
03|6|031 
03|7|034 
03|8|035 
03|9|039 m 
01|1|0000706|JOSE SEBASTIAO PORTES|M|01234567899|01/01/2001||||||||||||||
02|2|2200|02/05/2022
03|3|008 
03|4|021 
03|5|022 
03|6|031 
03|7|034 
03|8|035 
03|9|039 m 
01|1|0000706|JOSE VICENTE DORNELAS|M|01234567899|01/01/2001||||||||||||||
02|2|2200|02/05/2022
03|3|008 
03|4|021 
03|5|022 
03|6|031 
03|7|034 
03|8|035 
03|9|039 
03|9|099 
03|9|099 t 
01|1|0000706|MARIA APARECIDA DE OLIVEIRA MELO|F|01234567899|01/01/2001||||||||||||||
02|2|2200|02/05/2022
03|3|008 
03|4|021 
03|5|022 
03|6|031 
03|7|034 
03|8|035 
03|9|039 
03|9|099 
03|9|099 
03|9|099 
03|9|099 s 
03|9|099 G 
01|1|0000706|MARIA DA GLORIA DAMASCENO SILVA|F|01234567899|01/01/2001||||||||||||||
02|2|2200|02/05/2022
03|3|008 
03|4|021 
03|5|022 
03|6|031 
03|7|034 
03|8|035 
03|9|039 m 
03|9|099 G 
01|1|0000706|MARIA INÊS PORTILHO|F|01234567899|01/01/2001||||||||||||||
02|2|2200|02/05/2022
03|3|008 
03|4|021 
03|5|022 
03|6|031 
03|7|034 
03|8|035 
03|9|039 m 
03|9|099 G 
03|9|099 CREAT 
01|1|0000706|MARIA JULIANA PINTO|F|01234567899|01/01/2001||||||||||||||
02|2|2200|02/05/2022
03|3|008 
03|4|021 
03|5|022 
03|6|031 
03|7|034 
03|8|035 
03|9|039 
03|9|099 
03|9|099 
03|9|099 
03|9|099 
03|9|099 
03|9|099 a 
01|1|0000706|MARIA LÚCIA DOS REIS|F|01234567899|01/01/2001||||||||||||||
02|2|2200|02/05/2022
03|3|008 
03|4|021 
03|5|022 
03|6|031 
03|7|034 
03|8|035 
03|9|039 m 
03|9|099 G 
03|9|099 CREAT 
01|1|0000706|MOACIR MARCIANO DA SILVA|M|01234567899|01/01/2001||||||||||||||
02|2|2200|02/05/2022
03|3|008 
03|4|021 
03|5|022 
03|6|031 
03|7|034 
03|8|035 
03|9|039 m 
03|9|099 G 
03|9|099 CREAT 
01|1|0000706|SIDNEY CARLOS PEDROSA|M|01234567899|01/01/2001||||||||||||||
02|2|2200|02/05/2022
03|3|008 
03|4|021 
03|5|022 
03|6|031 
03|7|034 
03|8|035 
03|9|039 m 
01|1|0000706|SIMONE DO CARMO DA SILVA TOSTES|F|01234567899|01/01/2001||||||||||||||
02|2|2200|02/05/2022
03|3|008 
03|4|021 
03|5|022 
03|6|031 
03|7|034 
03|8|035 
03|9|039 m 
01|1|0000706|VICENTE LINO COELHO|M|01234567899|01/01/2001||||||||||||||
02|2|2200|02/05/2022
03|3|008 
03|4|021 
03|5|022 
03|6|031 
03|7|034 
03|8|035 
03|9|039 m 
01|1|0000706|WESLEY JUNIOR PINTO|M|01234567899|01/01/2001||||||||||||||
02|2|2200|02/05/2022
03|3|008 
03|4|021 
03|5|022 
03|6|031 
03|7|034 
03|8|035 
03|9|039 m 
01|1|0000706|WILSON EVANGELISTA DA SILVA|M|01234567899|01/01/2001||||||||||||||
02|2|2200|02/05/2022
03|3|008 
03|4|021 
03|5|022 
03|6|031 
03|7|034 
03|8|035 
03|9|039 m 
03|9|099 G 
01|1|0000706|WELLINGNTON JOSÉ DOS SANTOS|M|01234567899|01/01/2001||||||||||||||
02|2|2200|02/05/2022
03|3|008 
03|4|021 
03|5|022 
03|6|031 
03|7|034 
03|8|035 
03|9|039 m 
