01|1|0000706|ALETE DA CONCEIÇÃO PINTO|F|01234567899|01/01/2001||||||||||||||
02|2|2200|02/05/2022
03|3|008 
03|4|021 
03|5|022 
03|6|031 
03|7|034 
03|8|035 
03|9|039 m 
03|9|099 G 
03|9|099 CREAT 
01|1|0000706|ANTONIETA MARIA DO NASCIMENTO|F|01234567899|01/01/2001||||||||||||||
02|2|2200|02/05/2022
03|3|008 
03|4|021 
03|5|022 
03|6|031 
03|7|034 
03|8|035 
03|9|039 m 
03|9|099 G 
01|1|0000706|ARMANDO DO NASCIMENTO|M|01234567899|01/01/2001||||||||||||||
02|2|2200|02/05/2022
03|3|008 
03|4|021 
03|5|022 
03|6|031 
03|7|034 
03|8|035 
03|9|039 m 
01|1|0000706|CAETANO CARLOS PEREIRA|M|01234567899|01/01/2001||||||||||||||
02|2|2200|02/05/2022
03|3|008 
03|4|021 
03|5|022 
03|6|031 
03|7|034 
03|8|035 
03|9|039 m 
01|1|0000706|CLAUDIO LUIZ DOS SANTOS|M|01234567899|01/01/2001||||||||||||||
02|2|2200|02/05/2022
03|3|008 
03|4|021 
03|5|022 
03|6|031 
03|7|034 
03|8|035 
03|9|039 m 
01|1|0000706|DIEGO CESAR DA SILVA CAMPOS|M|01234567899|01/01/2001||||||||||||||
02|2|2200|02/05/2022
03|3|008 
03|4|021 
03|5|022 
03|6|031 
03|7|034 
03|8|035 
03|9|039 m 
01|1|0000706|DILERMANDO GONCALVES DAS CHAGAS|M|01234567899|01/01/2001||||||||||||||
02|2|2200|02/05/2022
03|3|008 
03|4|021 
03|5|022 
03|6|031 
03|7|034 
03|8|035 
03|9|039 m 
01|1|0000706|ELY LOPES HELENO|F|01234567899|01/01/2001||||||||||||||
02|2|2200|02/05/2022
03|3|008 
03|4|021 
03|5|022 
03|6|031 
03|7|034 
03|8|035 
03|9|039 m 
03|9|099 G 
03|9|099 CREAT 
01|1|0000706|GENESIO PEREIRA DE ASSIS|M|01234567899|01/01/2001||||||||||||||
02|2|2200|02/05/2022
03|3|008 
03|4|021 
03|5|022 
03|6|031 
03|7|034 
03|8|035 
03|9|039 m 
01|1|0000706|HELIO LUIZ DAMASCENO|M|01234567899|01/01/2001||||||||||||||
02|2|2200|02/05/2022
03|3|008 
03|4|021 
03|5|022 
03|6|031 
03|7|034 
03|8|035 
03|9|039 m 
01|1|0000706|HELIO MARCIO DA SILVA|M|01234567899|01/01/2001||||||||||||||
02|2|2200|02/05/2022
03|3|008 
03|4|021 
03|5|022 
03|6|031 
03|7|034 
03|8|035 
03|9|039 m 
01|1|0000706|HILDA LEA DIAS DE ALMEIDA|F|01234567899|01/01/2001||||||||||||||
02|2|2200|02/05/2022
03|3|008 
03|4|021 
03|5|022 
03|6|031 
03|7|034 
03|8|035 
03|9|039 m 
03|9|099 G 
01|1|0000706|JOAO BASTISTA ANASTACIO|M|01234567899|01/01/2001||||||||||||||
02|2|2200|02/05/2022
03|3|008 
03|4|021 
03|5|022 
03|6|031 
03|7|034 
03|8|035 
03|9|039 m 
03|9|099 G 
01|1|0000706|JORGE RAMOS DA ROCHA|M|01234567899|01/01/2001||||||||||||||
02|2|2200|02/05/2022
03|3|008 
03|4|021 
03|5|022 
03|6|031 
03|7|034 
03|8|035 
03|9|039 m 
03|9|099 G 
01|1|0000706|JOSE CARLOS FERREIRA DA SILVA|M|01234567899|01/01/2001||||||||||||||
02|2|2200|02/05/2022
03|3|008 
03|4|021 
03|5|022 
03|6|031 
03|7|034 
03|8|035 
03|9|039 m 
01|1|0000706|JOSE MONICO DA SILVA|M|01234567899|01/01/2001||||||||||||||
02|2|2200|02/05/2022
03|3|008 
03|4|021 
03|5|022 
03|6|031 
03|7|034 
03|8|035 
03|9|039 m 
03|9|099 G 
01|1|0000706|JOSÉ TARCIZIO DO NASCIMENTO|M|01234567899|01/01/2001||||||||||||||
02|2|2200|02/05/2022
03|3|008 
03|4|021 
03|5|022 
03|6|031 
03|7|034 
03|8|035 
03|9|039 m 
03|9|099 G 
01|1|0000706|MARIA ALICE DA SILVA|F|01234567899|01/01/2001||||||||||||||
02|2|2200|02/05/2022
03|3|008 
03|4|021 
03|5|022 
03|6|031 
03|7|034 
03|8|035 
03|9|039 m 
01|1|0000706|MARIA CLEA SOUZA|F|01234567899|01/01/2001||||||||||||||
02|2|2200|02/05/2022
03|3|008 
03|4|021 
03|5|022 
03|6|031 
03|7|034 
03|8|035 
03|9|039 m 
01|1|0000706|NEIDE RAMOS VIDAL|F|01234567899|01/01/2001||||||||||||||
02|2|2200|02/05/2022
03|3|008 
03|4|021 
03|5|022 
03|6|031 
03|7|034 
03|8|035 
03|9|039 m 
03|9|099 G 
01|1|0000706|ORZELINA MARIA RIBEIRO DE LIMA|F|01234567899|01/01/2001||||||||||||||
02|2|2200|02/05/2022
03|3|008 
03|4|021 
03|5|022 
03|6|031 
03|7|034 
03|8|035 
03|9|039 m 
01|1|0000706|OSMARINO EUSTAQUIO COELHO|M|01234567899|01/01/2001||||||||||||||
02|2|2200|02/05/2022
03|3|008 
03|4|021 
03|5|022 
03|6|031 
03|7|034 
03|8|035 
03|9|039 m 
03|9|099 G 
01|1|0000706|RITA HELENA DE CASSIA|F|01234567899|01/01/2001||||||||||||||
02|2|2200|02/05/2022
03|3|008 
03|4|021 
03|5|022 
03|6|031 
03|7|034 
03|8|035 
03|9|039 m 
03|9|099 G 
01|1|0000706|RODRIGO NASCIMENTO DE CASTRO|M|01234567899|01/01/2001||||||||||||||
02|2|2200|02/05/2022
03|3|008 
03|4|021 
03|5|022 
03|6|031 
03|7|034 
03|8|035 
03|9|039 m 
01|1|0000706|RONALDO BRANDAO DA SILVA|M|01234567899|01/01/2001||||||||||||||
02|2|2200|02/05/2022
03|3|008 
03|4|021 
03|5|022 
03|6|031 
03|7|034 
03|8|035 
03|9|039 m 
01|1|0000706|SEVERINO JOSÉ DE MELO|M|01234567899|01/01/2001||||||||||||||
02|2|2200|02/05/2022
03|3|008 
03|4|021 
03|5|022 
03|6|031 
03|7|034 
03|8|035 
03|9|039 m 
03|9|099 G 
03|9|099 CREAT 
