01|1|0000706|ANTONIO PEDRO FAUSTINO|M|01234567899|01/01/2001||||||||||||||
02|2|2200|02/05/2022
03|3|008 
03|4|021 
03|5|022 
03|6|031 
03|7|034 
03|8|035 
03|9|039 m 
03|9|099 G 
03|9|099 CREAT 
01|1|0000706|CONCEICAO NEVES PEDRO|M|01234567899|01/01/2001||||||||||||||
02|2|2200|02/05/2022
03|3|008 
03|4|021 
03|5|022 
03|6|031 
03|7|034 
03|8|035 
03|9|039 m 
03|9|099 G 
01|1|0000706|FATIMA APARECIDA DE ALMEIDA|F|01234567899|01/01/2001||||||||||||||
02|2|2200|02/05/2022
03|3|008 
03|4|021 
03|5|022 
03|6|031 
03|7|034 
03|8|035 
03|9|039 m 
01|1|0000706|GELSO MARQUES PEREIRA|M|01234567899|01/01/2001||||||||||||||
02|2|2200|02/05/2022
03|3|008 
03|4|021 
03|5|022 
03|6|031 
03|7|034 
03|8|035 
03|9|039 m 
03|9|099 G 
01|1|0000706|HERZEN ESTEVES DA COSTA|F|01234567899|01/01/2001||||||||||||||
02|2|2200|02/05/2022
03|3|008 
03|4|021 
03|5|022 
03|6|031 
03|7|034 
03|8|035 
03|9|039 m 
03|9|099 G 
01|1|0000706|HILARIO BATISTA LEANDRO|M|01234567899|01/01/2001||||||||||||||
02|2|2200|02/05/2022
03|3|008 
03|4|021 
03|5|022 
03|6|031 
03|7|034 
03|8|035 
03|9|039 m 
03|9|099 G 
03|9|099 CREAT 
01|1|0000706|JAYME MARQUES DA COSTA|M|01234567899|01/01/2001||||||||||||||
02|2|2200|02/05/2022
03|3|008 
03|4|021 
03|5|022 
03|6|031 
03|7|034 
03|8|035 
03|9|039 m 
01|1|0000706|JOSIANE APARECIDA DA SILVA COSTA|F|01234567899|01/01/2001||||||||||||||
02|2|2200|02/05/2022
03|3|008 
03|4|021 
03|5|022 
03|6|031 
03|7|034 
03|8|035 
03|9|039 m 
03|9|099 G 
01|1|0000706|JOSÉ DA SILVA|M|01234567899|01/01/2001||||||||||||||
02|2|2200|02/05/2022
03|3|008 
03|4|021 
03|5|022 
03|6|031 
03|7|034 
03|8|035 
03|9|039 m 
03|9|099 G 
01|1|0000706|JOSÉ FERREIRA DA SILVA|M|01234567899|01/01/2001||||||||||||||
02|2|2200|02/05/2022
03|3|008 
03|4|021 
03|5|022 
03|6|031 
03|7|034 
03|8|035 
03|9|039 m 
01|1|0000706|JOSÉ NOGUEIRA DE ARAUJO DIAS|M|01234567899|01/01/2001||||||||||||||
02|2|2200|02/05/2022
03|3|008 
03|4|021 
03|5|022 
03|6|031 
03|7|034 
03|8|035 
03|9|039 m 
03|9|099 G 
01|1|0000706|JOSE RICARDO NOGUEIRA|M|01234567899|01/01/2001||||||||||||||
02|2|2200|02/05/2022
03|3|008 
03|4|021 
03|5|022 
03|6|031 
03|7|034 
03|8|035 
03|9|039 m 
01|1|0000706|JULIO CESAR SILVA NEVES|M|01234567899|01/01/2001||||||||||||||
02|2|2200|02/05/2022
03|3|008 
03|4|021 
03|5|022 
03|6|031 
03|7|034 
03|8|035 
03|9|039 m 
01|1|0000706|JURACI AUGUSTO FERREIRA|M|01234567899|01/01/2001||||||||||||||
02|2|2200|02/05/2022
03|3|008 
03|4|021 
03|5|022 
03|6|031 
03|7|034 
03|8|035 
03|9|039 m 
03|9|099 G 
01|1|0000706|JUSCIMAR JOSÉ RODRIGUES|M|01234567899|01/01/2001||||||||||||||
02|2|2200|02/05/2022
03|3|008 
03|4|021 
03|5|022 
03|6|031 
03|7|034 
03|8|035 
03|9|039 m 
01|1|0000706|LUIZ ANTÔNIO DE CASTRO|M|01234567899|01/01/2001||||||||||||||
02|2|2200|02/05/2022
03|3|008 
03|4|021 
03|5|022 
03|6|031 
03|7|034 
03|8|035 
03|9|039 m 
01|1|0000706|MARCIA APARECIDA DE OLIVEIRA|F|01234567899|01/01/2001||||||||||||||
02|2|2200|02/05/2022
03|3|008 
03|4|021 
03|5|022 
03|6|031 
03|7|034 
03|8|035 
03|9|039 m 
03|9|099 G 
03|9|099 CREAT 
01|1|0000706|MARIA APARECIDA ASSIS DO NASCIMENTO|F|01234567899|01/01/2001||||||||||||||
02|2|2200|02/05/2022
03|3|008 
03|4|021 
03|5|022 
03|6|031 
03|7|034 
03|8|035 
03|9|039 m 
03|9|099 G 
01|1|0000706|MARIA APARECIDA DA SILVA|F|01234567899|01/01/2001||||||||||||||
02|2|2200|02/05/2022
03|3|008 
03|4|021 
03|5|022 
03|6|031 
03|7|034 
03|8|035 
03|9|039 m 
03|9|099 G 
01|1|0000706|MARIA DA PENHA DA CONCEIÇÃO RESENDES|F|01234567899|01/01/2001||||||||||||||
02|2|2200|02/05/2022
03|3|008 
03|4|021 
03|5|022 
03|6|031 
03|7|034 
03|8|035 
03|9|039 m 
03|9|099 G 
01|1|0000706|MARIA DAS GRAÇAS DE OLIVEIRA|F|01234567899|01/01/2001||||||||||||||
02|2|2200|02/05/2022
03|3|008 
03|4|021 
03|5|022 
03|6|031 
03|7|034 
03|8|035 
03|9|039 m 
03|9|099 G 
03|9|099 CREAT 
01|1|0000706|MARIA DO CARMO DE OLIVEIRA|F|01234567899|01/01/2001||||||||||||||
02|2|2200|02/05/2022
03|3|008 
03|4|021 
03|5|022 
03|6|031 
03|7|034 
03|8|035 
03|9|039 m 
03|9|099 G 
01|1|0000706|MARIA LAURA DE OLIVEIRA|F|01234567899|01/01/2001||||||||||||||
02|2|2200|02/05/2022
03|3|008 
03|4|021 
03|5|022 
03|6|031 
03|7|034 
03|8|035 
03|9|039 m 
03|9|099 G 
03|9|099 CREAT 
01|1|0000706|MARIA MADALENA FELIPE FERREIRA|F|01234567899|01/01/2001||||||||||||||
02|2|2200|02/05/2022
03|3|008 
03|4|021 
03|5|022 
03|6|031 
03|7|034 
03|8|035 
03|9|039 m 
01|1|0000706|MARIA VICENTINA LEANDRO|F|01234567899|01/01/2001||||||||||||||
02|2|2200|02/05/2022
03|3|008 
03|4|021 
03|5|022 
03|6|031 
03|7|034 
03|8|035 
03|9|039 m 
01|1|0000706|MARQUES FERNANDES|M|01234567899|01/01/2001||||||||||||||
02|2|2200|02/05/2022
03|3|008 
03|4|021 
03|5|022 
03|6|031 
03|7|034 
03|8|035 
03|9|039 m 
03|9|099 G 
01|1|0000706|OMAR CESARIO DA SILVA|M|01234567899|01/01/2001||||||||||||||
02|2|2200|02/05/2022
03|3|008 
03|4|021 
03|5|022 
03|6|031 
03|7|034 
03|8|035 
03|9|039 m 
03|9|099 G 
01|1|0000706|RENILDA ANTUNES DA SILVA|F|01234567899|01/01/2001||||||||||||||
02|2|2200|None
03|3|008 
03|4|021 
03|5|022 
03|6|031 
03|7|034 
03|8|035 
03|9|039 m 
03|9|099 G 
01|1|0000706|SEBASTIÃO LUDGERO DE SOUZA|M|01234567899|01/01/2001||||||||||||||
02|2|2200|None
03|3|008 
03|4|021 
03|5|022 
03|6|031 
03|7|034 
03|8|035 
03|9|039 m 
03|9|099 G 
03|9|099 CREAT 
01|1|0000706|TEREZA BEATRIZ DOS SANTOS|F|01234567899|01/01/2001||||||||||||||
02|2|2200|None
03|3|008 
03|4|021 
03|5|022 
03|6|031 
03|7|034 
03|8|035 
03|9|039 m 
01|1|0000706|VANIA ISAURA DA SILAVA DAMASCENO|F|01234567899|01/01/2001||||||||||||||
02|2|2200|None
03|3|008 
03|4|021 
03|5|022 
03|6|031 
03|7|034 
03|8|035 
03|9|039 m 
01|1|0000706|VONIRA DARC DE LIMA SILVA|F|01234567899|01/01/2001||||||||||||||
02|2|2200|None
03|3|008 
03|4|021 
03|5|022 
03|6|031 
03|7|034 
03|8|035 
03|9|039 m 
03|9|099 G 
03|9|099 CREAT 
