01|1|0000706|ADÃO DIAS DA SILVA|M|01234567899|01/01/2001||||||||||||||
02|2|2200|02/05/2022
03|3|008 
03|4|021 
03|5|022 
03|6|031 
03|7|034 
03|8|035 
03|9|039 m 
03|9|099 G 
01|1|0000706|ALINE RODRIGUES DE SOUZA|F|01234567899|01/01/2001||||||||||||||
02|2|2200|02/05/2022
03|3|008 
03|4|021 
03|5|022 
03|6|031 
03|7|034 
03|8|035 
03|9|039 m 
03|9|099 G 
03|9|099 CREAT 
01|1|0000706|ANTONIO CARLOS NUNES PAULUCCI|M|01234567899|01/01/2001||||||||||||||
02|2|2200|02/05/2022
03|3|008 
03|4|021 
03|5|022 
03|6|031 
03|7|034 
03|8|035 
03|9|039 m 
01|1|0000706|ANNA LÚCIA DE MACEDO SILVA|F|01234567899|01/01/2001||||||||||||||
02|2|2200|02/05/2022
03|3|008 
03|4|021 
03|5|022 
03|6|031 
03|7|034 
03|8|035 
03|9|039 m 
03|9|099 G 
01|1|0000706|ARACY CAROLINA DE JESUS|F|01234567899|01/01/2001||||||||||||||
02|2|2200|02/05/2022
03|3|008 
03|4|021 
03|5|022 
03|6|031 
03|7|034 
03|8|035 
03|9|039 m 
03|9|099 G 
03|9|099 CREAT 
01|1|0000706|CLAUDIA ADRIANA DE ARAÚJO BERTOLIN|F|01234567899|01/01/2001||||||||||||||
02|2|2200|02/05/2022
03|3|008 
03|4|021 
03|5|022 
03|6|031 
03|7|034 
03|8|035 
03|9|039 m 
03|9|099 G 
03|9|099 CREAT 
01|1|0000706|CONCEIÇÃO APARECIDA DE CARVALHO SOUZA|F|01234567899|01/01/2001||||||||||||||
02|2|2200|02/05/2022
03|3|008 
03|4|021 
03|5|022 
03|6|031 
03|7|034 
03|8|035 
03|9|039 m 
03|9|099 G 
03|9|099 CREAT 
01|1|0000706|ERNESTO LUIZ PRESOT|M|01234567899|01/01/2001||||||||||||||
02|2|2200|02/05/2022
03|3|008 
03|4|021 
03|5|022 
03|6|031 
03|7|034 
03|8|035 
03|9|039 m 
03|9|099 G 
03|9|099 CREAT 
01|1|0000706|INEZ FRANCISCA GOMES DA SILVA|F|01234567899|01/01/2001||||||||||||||
02|2|2200|02/05/2022
03|3|008 
03|4|021 
03|5|022 
03|6|031 
03|7|034 
03|8|035 
03|9|039 m 
03|9|099 G 
03|9|099 CREAT 
01|1|0000706|IVANI LIMA SANTOS|F|01234567899|01/01/2001||||||||||||||
02|2|2200|02/05/2022
03|3|008 
03|4|021 
03|5|022 
03|6|031 
03|7|034 
03|8|035 
03|9|039 m 
03|9|099 G 
01|1|0000706|JOSÉ DOS SANTOS CAMPOS|M|01234567899|01/01/2001||||||||||||||
02|2|2200|02/05/2022
03|3|008 
03|4|021 
03|5|022 
03|6|031 
03|7|034 
03|8|035 
03|9|039 m 
01|1|0000706|JOSÉ LOPES NUNES FILHO|M|01234567899|01/01/2001||||||||||||||
02|2|2200|02/05/2022
03|3|008 
03|4|021 
03|5|022 
03|6|031 
03|7|034 
03|8|035 
03|9|039 m 
03|9|099 G 
03|9|099 CREAT 
01|1|0000706|JOSÉ WALTER DE OLIVEIRA|M|01234567899|01/01/2001||||||||||||||
02|2|2200|02/05/2022
03|3|008 
03|4|021 
03|5|022 
03|6|031 
03|7|034 
03|8|035 
03|9|039 m 
03|9|099 G 
01|1|0000706|JOSÉ VICENTE FERREIRA|M|01234567899|01/01/2001||||||||||||||
02|2|2200|02/05/2022
03|3|008 
03|4|021 
03|5|022 
03|6|031 
03|7|034 
03|8|035 
03|9|039 m 
03|9|099 G 
01|1|0000706|LECI DIAS CAMPOS|F|01234567899|01/01/2001||||||||||||||
02|2|2200|02/05/2022
03|3|008 
03|4|021 
03|5|022 
03|6|031 
03|7|034 
03|8|035 
03|9|039 m 
01|1|0000706|LUZIA IRENE VIOL ROMA|F|01234567899|01/01/2001||||||||||||||
02|2|2200|02/05/2022
03|3|008 
03|4|021 
03|5|022 
03|6|031 
03|7|034 
03|8|035 
03|9|039 m 
03|9|099 G 
01|1|0000706|MARIA APARECIDA DA SILVA RESSAQUINHA|F|01234567899|01/01/2001||||||||||||||
02|2|2200|02/05/2022
03|3|008 
03|4|021 
03|5|022 
03|6|031 
03|7|034 
03|8|035 
03|9|039 m 
03|9|099 G 
01|1|0000706|MARIA DAS DORES ROSA SABARA|F|01234567899|01/01/2001||||||||||||||
02|2|2200|02/05/2022
03|3|008 
03|4|021 
03|5|022 
03|6|031 
03|7|034 
03|8|035 
03|9|039 m 
03|9|099 G 
01|1|0000706|MARIA DE FÁTIMA DE OLIVEIRA|F|01234567899|01/01/2001||||||||||||||
02|2|2200|02/05/2022
03|3|008 
03|4|021 
03|5|022 
03|6|031 
03|7|034 
03|8|035 
03|9|039 m 
03|9|099 G 
01|1|0000706|MAURO DE OLIVEIRA|M|01234567899|01/01/2001||||||||||||||
02|2|2200|02/05/2022
03|3|008 
03|4|021 
03|5|022 
03|6|031 
03|7|034 
03|8|035 
03|9|039 m 
01|1|0000706|ODETE LOPES CRUZ|F|01234567899|01/01/2001||||||||||||||
02|2|2200|02/05/2022
03|3|008 
03|4|021 
03|5|022 
03|6|031 
03|7|034 
03|8|035 
03|9|039 m 
01|1|0000706|RAIMUNDA MARIA DE REZENDE|F|01234567899|01/01/2001||||||||||||||
02|2|2200|02/05/2022
03|3|008 
03|4|021 
03|5|022 
03|6|031 
03|7|034 
03|8|035 
03|9|039 m 
03|9|099 CREAT 
01|1|0000706|REGINA DE FATIMA DOS REIS|F|01234567899|01/01/2001||||||||||||||
02|2|2200|02/05/2022
03|3|008 
03|4|021 
03|5|022 
03|6|031 
03|7|034 
03|8|035 
03|9|039 m 
01|1|0000706|RENALHA MARIA DE CAMPOS|F|01234567899|01/01/2001||||||||||||||
02|2|2200|02/05/2022
03|3|008 
03|4|021 
03|5|022 
03|6|031 
03|7|034 
03|8|035 
03|9|039 m 
03|9|099 G 
03|9|099 CREAT 
01|1|0000706|ROSARIA CAMILA DA SILVA|F|01234567899|01/01/2001||||||||||||||
02|2|2200|02/05/2022
03|3|008 
03|4|021 
03|5|022 
03|6|031 
03|7|034 
03|8|035 
03|9|039 m 
03|9|099 G 
01|1|0000706|RUBÉNS OLIVEIRA|M|01234567899|01/01/2001||||||||||||||
02|2|2200|02/05/2022
03|3|008 
03|4|021 
03|5|022 
03|6|031 
03|7|034 
03|8|035 
03|9|039 m 
03|9|099 G 
03|9|099 CREAT 
01|1|0000706|SÉRGIO AUGUSTO DE LIMA|M|01234567899|01/01/2001||||||||||||||
02|2|2200|02/05/2022
03|3|008 
03|4|021 
03|5|022 
03|6|031 
03|7|034 
03|8|035 
03|9|039 m 
03|9|099 G 
03|9|099 CREAT 
01|1|0000706|TADEU CARNEIRO PEIXOTO|M|01234567899|01/01/2001||||||||||||||
02|2|2200|None
03|3|008 
03|4|021 
03|5|022 
03|6|031 
03|7|034 
03|8|035 
03|9|039 m 
03|9|099 G 
03|9|099 CREAT 
01|1|0000706|TEREZINHA DE JESUS BÁSILIO|F|01234567899|01/01/2001||||||||||||||
02|2|2200|None
03|3|008 
03|4|021 
03|5|022 
03|6|031 
03|7|034 
03|8|035 
03|9|039 m 
03|9|099 G 
01|1|0000706|VICENTE DE PAULA|M|01234567899|01/01/2001||||||||||||||
02|2|2200|None
03|3|008 
03|4|021 
03|5|022 
03|6|031 
03|7|034 
03|8|035 
03|9|039 m 
03|9|099 G 
