01|1|0000706|ADRIANO LUIZ ROSA|M|01234567899|01/01/2001||||||||||||||
02|2|2200|02/05/2022
03|3|008 
03|4|021 
03|5|022 
03|6|031 
03|7|034 
03|8|035 
03|9|039 m 
01|1|0000706|ADAIR PEREIRA NEVES|M|01234567899|01/01/2001||||||||||||||
02|2|2200|02/05/2022
03|3|008 
03|4|021 
03|5|022 
03|6|031 
03|7|034 
03|8|035 
03|9|039 m 
03|9|099 G 
03|9|099 CREAT 
01|1|0000706|AGUINALDO MARCOS FERREIRA|M|01234567899|01/01/2001||||||||||||||
02|2|2200|02/05/2022
03|3|008 
03|4|021 
03|5|022 
03|6|031 
03|7|034 
03|8|035 
03|9|039 m 
01|1|0000706|ALBERTINO ELI SALVINO|M|01234567899|01/01/2001||||||||||||||
02|2|2200|02/05/2022
03|3|008 
03|4|021 
03|5|022 
03|6|031 
03|7|034 
03|8|035 
03|9|039 m 
03|9|099 G 
03|9|099 CREAT 
01|1|0000706|ANTÔNIA MARIA DAS GRAÇAS DE OLIVEIRA|F|01234567899|01/01/2001||||||||||||||
02|2|2200|02/05/2022
03|3|008 
03|4|021 
03|5|022 
03|6|031 
03|7|034 
03|8|035 
03|9|039 m 
01|1|0000706|ANTÔNIO FRANCISCO DE PAULA|M|01234567899|01/01/2001||||||||||||||
02|2|2200|02/05/2022
03|3|008 
03|4|021 
03|5|022 
03|6|031 
03|7|034 
03|8|035 
03|9|039 m 
03|9|099 G 
03|9|099 CREAT 
01|1|0000706|CARLOS FERNANDES JUNIOR|M|01234567899|01/01/2001||||||||||||||
02|2|2200|02/05/2022
03|3|008 
03|4|021 
03|5|022 
03|6|031 
03|7|034 
03|8|035 
03|9|039 m 
01|1|0000706|ELIANA DARC DA SILVA|F|01234567899|01/01/2001||||||||||||||
02|2|2200|02/05/2022
03|3|008 
03|4|021 
03|5|022 
03|6|031 
03|7|034 
03|8|035 
03|9|039 m 
01|1|0000706|ELZA CARDOZO REIS CAMPOS|F|01234567899|01/01/2001||||||||||||||
02|2|2200|02/05/2022
03|3|008 
03|4|021 
03|5|022 
03|6|031 
03|7|034 
03|8|035 
03|9|039 m 
01|1|0000706|ESTER DEL PENHO CARVALHO DA MOTA|F|01234567899|01/01/2001||||||||||||||
02|2|2200|02/05/2022
03|3|008 
03|4|021 
03|5|022 
03|6|031 
03|7|034 
03|8|035 
03|9|039 m 
01|1|0000706|FLAVIA LUCIANA LIMA DE OLIVEIRA|F|01234567899|01/01/2001||||||||||||||
02|2|2200|02/05/2022
03|3|008 
03|4|021 
03|5|022 
03|6|031 
03|7|034 
03|8|035 
03|9|039 m 
03|9|099 G 
01|1|0000706|JOÃO BOSCO OTÁVIO|M|01234567899|01/01/2001||||||||||||||
02|2|2200|02/05/2022
03|3|008 
03|4|021 
03|5|022 
03|6|031 
03|7|034 
03|8|035 
03|9|039 m 
01|1|0000706|JOSÉ ANTÔNIO DOS SANTOS|M|01234567899|01/01/2001||||||||||||||
02|2|2200|02/05/2022
03|3|008 
03|4|021 
03|5|022 
03|6|031 
03|7|034 
03|8|035 
03|9|039 m 
03|9|099 G 
01|1|0000706|JOSÉ CLÁUDIO FIDELOS|M|01234567899|01/01/2001||||||||||||||
02|2|2200|02/05/2022
03|3|008 
03|4|021 
03|5|022 
03|6|031 
03|7|034 
03|8|035 
03|9|039 m 
03|9|099 G 
03|9|099 CREAT 
01|1|0000706|LETICIA MARIA D PAULA SILVA|F|01234567899|01/01/2001||||||||||||||
02|2|2200|02/05/2022
03|3|008 
03|4|021 
03|5|022 
03|6|031 
03|7|034 
03|8|035 
03|9|039 m 
01|1|0000706|LUIZ MIRANDA LIMA|M|01234567899|01/01/2001||||||||||||||
02|2|2200|02/05/2022
03|3|008 
03|4|021 
03|5|022 
03|6|031 
03|7|034 
03|8|035 
03|9|039 m 
03|9|099 G 
03|9|099 CREAT 
01|1|0000706|LUIZ PAULO GENEROSO|M|01234567899|01/01/2001||||||||||||||
02|2|2200|02/05/2022
03|3|008 
03|4|021 
03|5|022 
03|6|031 
03|7|034 
03|8|035 
03|9|039 m 
03|9|099 G 
01|1|0000706|MARCELIO DOUGLAS ESTEVAO|M|01234567899|01/01/2001||||||||||||||
02|2|2200|02/05/2022
03|3|008 
03|4|021 
03|5|022 
03|6|031 
03|7|034 
03|8|035 
03|9|039 m 
01|1|0000706|MARIA ELIZABETH DA SILVA|F|01234567899|01/01/2001||||||||||||||
02|2|2200|02/05/2022
03|3|008 
03|4|021 
03|5|022 
03|6|031 
03|7|034 
03|8|035 
03|9|039 m 
03|9|099 G 
03|9|099 CREAT 
01|1|0000706|MÁRCIA REGINA ROSA|F|01234567899|01/01/2001||||||||||||||
02|2|2200|02/05/2022
03|3|008 
03|4|021 
03|5|022 
03|6|031 
03|7|034 
03|8|035 
03|9|039 m 
03|9|099 G 
03|9|099 CREAT 
01|1|0000706|MARIA DOS REIS CARVALHO|F|01234567899|01/01/2001||||||||||||||
02|2|2200|02/05/2022
03|3|008 
03|4|021 
03|5|022 
03|6|031 
03|7|034 
03|8|035 
03|9|039 m 
03|9|099 G 
03|9|099 CREAT 
01|1|0000706|MARIA MARLENE PIRES|F|01234567899|01/01/2001||||||||||||||
02|2|2200|02/05/2022
03|3|008 
03|4|021 
03|5|022 
03|6|031 
03|7|034 
03|8|035 
03|9|039 m 
01|1|0000706|MARILDA LINK GOMES|F|01234567899|01/01/2001||||||||||||||
02|2|2200|02/05/2022
03|3|008 
03|4|021 
03|5|022 
03|6|031 
03|7|034 
03|8|035 
03|9|039 m 
03|9|099 G 
03|9|099 CREAT 
01|1|0000706|MARLENE APARECIDA DE MOURA|F|01234567899|01/01/2001||||||||||||||
02|2|2200|02/05/2022
03|3|008 
03|4|021 
03|5|022 
03|6|031 
03|7|034 
03|8|035 
03|9|039 m 
03|9|099 G 
01|1|0000706|NEUZA FERNANDES DE CAMPOS|F|01234567899|01/01/2001||||||||||||||
02|2|2200|02/05/2022
03|3|008 
03|4|021 
03|5|022 
03|6|031 
03|7|034 
03|8|035 
03|9|039 m 
01|1|0000706|NEUZA MARIA DE MEDEIROS|F|01234567899|01/01/2001||||||||||||||
02|2|2200|02/05/2022
03|3|008 
03|4|021 
03|5|022 
03|6|031 
03|7|034 
03|8|035 
03|9|039 m 
03|9|099 G 
01|1|0000706|ONEIDA ZEVERINO EMERECIANO|F|01234567899|01/01/2001||||||||||||||
02|2|2200|02/05/2022
03|3|008 
03|4|021 
03|5|022 
03|6|031 
03|7|034 
03|8|035 
03|9|039 m 
03|9|099 G 
03|9|099 CREAT 
01|1|0000706|OSVALDO MARTA DE VALES|M|01234567899|01/01/2001||||||||||||||
02|2|2200|None
03|3|008 
03|4|021 
03|5|022 
03|6|031 
03|7|034 
03|8|035 
03|9|039 m 
01|1|0000706|PAULO SERGIO DE CARVALHO|M|01234567899|01/01/2001||||||||||||||
02|2|2200|None
03|3|008 
03|4|021 
03|5|022 
03|6|031 
03|7|034 
03|8|035 
03|9|039 m 
03|9|099 G 
03|9|099 CREAT 
01|1|0000706|RAIMUNDO CARLOS DA COSTA|M|01234567899|01/01/2001||||||||||||||
02|2|2200|None
03|3|008 
03|4|021 
03|5|022 
03|6|031 
03|7|034 
03|8|035 
03|9|039 m 
03|9|099 G 
01|1|0000706|VERA LUCIA AMORIM|F|01234567899|01/01/2001||||||||||||||
02|2|2200|None
03|3|008 
03|4|021 
03|5|022 
03|6|031 
03|7|034 
03|8|035 
03|9|039 m 
03|9|099 G 
01|1|0000706|VERA VILMA TAVARES SALOMÃO|F|01234567899|01/01/2001||||||||||||||
02|2|2200|None
03|3|008 
03|4|021 
03|5|022 
03|6|031 
03|7|034 
03|8|035 
03|9|039 m 
03|9|099 G 
03|9|099 CREAT 
01|1|0000706|WAGNER DE PAIVA DA SILVA|M|01234567899|01/01/2001||||||||||||||
02|2|2200|None
03|3|008 
03|4|021 
03|5|022 
03|6|031 
03|7|034 
03|8|035 
03|9|039 m 
03|9|099 G 
03|9|099 CREAT 
