01|1|0000706|ANTONIO GERALDO LOPES|M|00000000000|13/06/1941||||||||||||||
02|2|2200|01/04/2022
03|3|008
03|4|021
03|5|022
03|6|031
03|7|034
03|8|035
03|9|039
03|10|038
03|11|018
03|12|020
03|13|090
03|14|028
03|15|023
03|16|033
03|17|029
01|18|0000055|CELIA PEIXOTO VIEIRA|F|00000000000|22/05/1934||||||||||||||
02|19|2201|01/04/2022
03|20|008
03|21|021
03|22|022
03|23|031
03|24|034
03|25|035
03|26|039
03|27|038
03|28|018
03|29|020
03|30|090
03|31|028
03|32|023
03|33|033
03|34|029
01|35|0002623|EDEVALDO SANTOS DE OLIVEIRA|M|00000000000|01/11/1967||||||||||||||
02|36|2202|01/04/2022
03|37|008
03|38|021
03|39|031
03|40|034
03|41|035
03|42|039
03|43|038
03|44|018
03|45|020
03|46|028
03|47|023
03|48|033
03|49|029
01|50|0004648|FATIMA MARIA DE SOUZA MACHADO|F|00000000000|13/03/1950||||||||||||||
02|51|2203|01/04/2022
03|52|008
03|53|016
03|54|021
03|55|022
03|56|031
03|57|034
03|58|035
03|59|039
03|60|038
03|61|018
03|62|020
03|63|090
03|64|028
03|65|023
03|66|033
03|67|029
01|68|0000323|JOSE ROBERTO DA COSTA|M|00000000000|16/08/1953||||||||||||||
02|69|2204|01/04/2022
03|70|008
03|71|021
03|72|022
03|73|031
03|74|034
03|75|035
03|76|039
03|77|038
03|78|018
03|79|020
03|80|090
03|81|028
03|82|023
03|83|033
03|84|029
01|85|0002387|MARCOS HENRIQUE ROCHA DA SILVA|M|00000000000|30/12/1980||||||||||||||
02|86|2205|01/04/2022
03|87|008
03|88|021
03|89|022
03|90|031
03|91|034
03|92|035
03|93|039
03|94|038
03|95|018
03|96|020
03|97|090
03|98|028
03|99|023
03|100|033
03|101|029
01|102|0000130|MARIA ANTONIA DE CARVALHO LIMA|F|00000000000|12/05/1965||||||||||||||
02|103|2206|01/04/2022
03|104|008
03|105|021
03|106|031
03|107|034
03|108|035
03|109|039
03|110|038
03|111|018
03|112|020
03|113|028
03|114|023
03|115|033
03|116|029
01|117|0002642|MARIA APARECIDA MARTINS DE BARROS|F|00000000000|04/04/1948||||||||||||||
02|118|2207|01/04/2022
03|119|008
03|120|021
03|121|022
03|122|031
03|123|034
03|124|035
03|125|039
03|126|038
03|127|018
03|128|020
03|129|090
03|130|028
03|131|023
03|132|033
03|133|029
01|134|0000249|MARIA DE FATIMA COSTA|F|00000000000|15/03/1959||||||||||||||
02|135|2208|01/04/2022
03|136|008
03|137|021
03|138|022
03|139|031
03|140|034
03|141|035
03|142|039
03|143|038
03|144|018
03|145|020
03|146|090
03|147|028
03|148|023
03|149|033
03|150|029
01|151|0004571|MARIA DO CARMO SANTOS SILVA|F|00000000000|18/05/1944||||||||||||||
02|152|2209|01/04/2022
03|153|008
03|154|021
03|155|031
03|156|034
03|157|035
03|158|039
03|159|038
03|160|018
03|161|020
03|162|028
03|163|023
03|164|033
03|165|029
01|166|0005993|NATALIA ALVES COELHO|F|00000000000|01/01/1992||||||||||||||
02|167|2210|01/04/2022
03|168|008
03|169|021
03|170|031
03|171|034
03|172|035
03|173|039
03|174|038
03|175|018
03|176|020
03|177|028
03|178|023
03|179|033
03|180|029
01|181|0000193|RICARDO TADEU MASCARENHAS|M|00000000000|11/07/1965||||||||||||||
02|182|2211|01/04/2022
03|183|008
03|184|021
03|185|022
03|186|031
03|187|034
03|188|035
03|189|039
03|190|038
03|191|018
03|192|020
03|193|090
03|194|028
03|195|023
03|196|033
03|197|029
01|198|0006872|TERESINHA LOPES ACHTSCHIN|F|00000000000|01/11/1951||||||||||||||
02|199|2212|01/04/2022
03|200|008
03|201|016
03|202|021
03|203|022
03|204|031
03|205|034
03|206|035
03|207|039
03|208|038
03|209|018
03|210|020
03|211|090
03|212|028
03|213|023
03|214|033
03|215|029
01|216|0004026|THEREZINHA CANDIDA  DE URZEDO|F|00000000000|05/03/1948||||||||||||||
02|217|2213|01/04/2022
03|218|008
03|219|021
03|220|031
03|221|034
03|222|035
03|223|039
03|224|038
03|225|018
03|226|020
03|227|028
03|228|023
03|229|033
03|230|029
